2.80334E-1,8.51287E-1
2.82012E-1,8.50158E-1
2.83599E-1,8.48877E-1
2.84912E-1,8.47564E-1
2.86071E-1,8.46527E-1
2.87353E-1,8.4552E-1
2.88818E-1,8.44482E-1
2.90435E-1,8.43383E-1
2.92022E-1,8.42285E-1
2.93487E-1,8.41308E-1
2.95074E-1,8.40240E-1
2.96661E-1,8.39111E-1
2.98187E-1,8.38012E-1
2.99774E-1,8.36822E-1
3.01361E-1,8.35662E-1
3.02978E-1,8.34442E-1
3.04595E-1,8.33190E-1
3.06304E-1,8.32153E-1
3.07983E-1,8.30932E-1
3.09539E-1,8.29620E-1
3.11279E-1,8.28399E-1
3.12927E-1,8.27117E-1
3.14605E-1,8.25775E-1
3.16223E-1,8.24401E-1
3.17871E-1,8.23059E-1
3.19549E-1,8.21746E-1
3.21167E-1,8.20373E-1
3.22937E-1,8.19000E-1
3.24554E-1,8.17565E-1
3.26232E-1,8.16223E-1
3.27972E-1,8.14788E-1
3.29681E-1,8.13354E-1
3.31420E-1,8.11828E-1
3.33038E-1,8.10333E-1
3.34808E-1,8.08868E-1
3.36578E-1,8.07342E-1
3.38256E-1,8.05786E-1
3.39965E-1,8.04229E-1
3.41705E-1,8.02612E-1
3.43414E-1,8.01086E-1
3.45123E-1,7.99408E-1
3.46923E-1,7.97668E-1
3.48693E-1,7.96020E-1
3.50402E-1,7.94281E-1
3.52203E-1,7.92480E-1
3.53881E-1,7.90771E-1
3.55621E-1,7.88970E-1
3.57269E-1,7.87231E-1
3.59008E-1,7.85339E-1
3.60656E-1,7.83508E-1
3.62304E-1,7.81677E-1
3.64044E-1,7.79724E-1
3.65783E-1,7.77893E-1
3.67401E-1,7.75909E-1
3.69171E-1,7.73925E-1
3.70758E-1,7.72064E-1
3.72436E-1,7.69989E-1
3.74115E-1,7.67883E-1
3.75824E-1,7.65838E-1
3.77502E-1,7.63732E-1
3.79150E-1,7.61627E-1
3.80798E-1,7.59521E-1
3.82476E-1,7.57385E-1
3.84094E-1,7.55096E-1
3.85742E-1,7.52929E-1
3.87329E-1,7.50732E-1
3.88977E-1,7.48535E-1
3.90472E-1,7.46215E-1
3.92059E-1,7.43988E-1
3.93615E-1,7.41699E-1
3.95111E-1,7.39318E-1
3.96759E-1,7.36999E-1
3.98254E-1,7.34558E-1
3.99749E-1,7.32269E-1
4.01275E-1,7.29827E-1
4.02801E-1,7.27447E-1
4.04235E-1,7.25006E-1
4.05822E-1,7.22656E-1
4.07287E-1,7.20001E-1
4.08813E-1,7.17590E-1
4.10308E-1,7.15087E-1
4.11773E-1,7.12585E-1
4.13208E-1,7.10052E-1
4.14733E-1,7.07580E-1
4.16015E-1,7.05017E-1
4.17480E-1,7.02423E-1
4.18945E-1,6.99890E-1
4.20379E-1,6.97174E-1
4.21814E-1,6.94549E-1
4.23156E-1,6.91986E-1
4.24652E-1,6.89239E-1
4.26116E-1,6.86554E-1
4.27490E-1,6.83868E-1
4.28894E-1,6.81091E-1
4.30328E-1,6.78283E-1
4.31701E-1,6.75506E-1
4.33105E-1,6.72546E-1
4.34539E-1,6.69769E-1
4.36004E-1,6.66870E-1
4.37377E-1,6.63879E-1
4.38842E-1,6.61010E-1
4.40216E-1,6.57867E-1
4.41589E-1,6.54876E-1
4.42993E-1,6.51855E-1
4.44397E-1,6.48681E-1
4.45739E-1,6.45629E-1
4.47082E-1,6.42395E-1
4.48425E-1,6.39190E-1
4.49768E-1,6.35986E-1
4.51110E-1,6.32690E-1
4.52453E-1,6.29333E-1
4.53735E-1,6.25915E-1
4.54956E-1,6.22436E-1
4.56176E-1,6.19018E-1
4.57366E-1,6.15478E-1
4.58618E-1,6.11908E-1
4.59747E-1,6.08276E-1
4.60876E-1,6.04675E-1
4.61944E-1,6.00982E-1
4.63043E-1,5.9729E-1
4.64080E-1,5.93475E-1
4.65057E-1,5.89660E-1
4.66033E-1,5.85784E-1
4.66918E-1,5.81909E-1
4.67804E-1,5.77941E-1
4.68536E-1,5.73974E-1
4.69421E-1,5.69976E-1
4.70092E-1,5.65948E-1
4.70886E-1,5.61889E-1
4.71496E-1,5.57800E-1
4.72229E-1,5.53710E-1
4.72900E-1,5.4953E-1
4.73388E-1,5.45288E-1
4.73877E-1,5.41107E-1
4.74304E-1,5.36834E-1
4.74670E-1,5.32501E-1
4.74975E-1,5.28228E-1
4.75189E-1,5.23986E-1
4.75341E-1,5.19531E-1
4.75555E-1,5.15197E-1
4.75677E-1,5.10803E-1
4.75769E-1,5.06408E-1
4.75860E-1,5.01922E-1
4.75784E-1,4.97436E-1
4.75723E-1,4.92858E-1
4.75601E-1,4.88281E-1
4.75372E-1,4.83825E-1
4.75189E-1,4.79293E-1
4.74960E-1,4.74639E-1
4.74731E-1,4.70062E-1
4.74395E-1,4.65499E-1
4.73907E-1,4.60876E-1
4.73403E-1,4.56253E-1
4.72824E-1,4.51583E-1
4.72198E-1,4.46914E-1
4.71389E-1,4.42291E-1
4.7052E-1,4.37622E-1
4.69604E-1,4.33029E-1
4.68643E-1,4.28482E-1
4.67697E-1,4.23919E-1
4.66598E-1,4.19372E-1
4.67117E-1,4.19143E-1
4.65972E-1,4.14596E-1
4.64660E-1,4.10125E-1
4.63439E-1,4.05639E-1
4.62204E-1,4.01168E-1
4.60784E-1,3.96743E-1
4.59442E-1,3.92379E-1
4.58099E-1,3.88061E-1
4.56741E-1,3.83712E-1
4.55383E-1,3.79409E-1
4.53872E-1,3.75106E-1
4.52468E-1,3.70834E-1
4.51034E-1,3.66592E-1
4.49554E-1,3.62381E-1
4.48165E-1,3.58184E-1
4.46670E-1,3.53912E-1
4.45266E-1,3.49609E-1
4.43878E-1,3.45382E-1
4.42428E-1,3.41095E-1
4.4104E-1,3.36914E-1
4.39682E-1,3.32702E-1
4.38278E-1,3.28369E-1
4.36920E-1,3.23974E-1
4.35607E-1,3.19564E-1
4.34265E-1,3.15139E-1
4.32876E-1,3.10577E-1
4.31503E-1,3.06106E-1
4.30069E-1,3.01483E-1
4.28726E-1,2.96752E-1
4.27307E-1,2.91885E-1
4.25842E-1,2.87048E-1
4.24392E-1,2.82104E-1
4.22897E-1,2.77084E-1
4.21310E-1,2.71942E-1
4.19677E-1,2.66677E-1
4.18029E-1,2.61291E-1
4.16305E-1,2.55828E-1
4.14474E-1,2.50335E-1
4.12521E-1,2.44842E-1
4.10430E-1,2.39059E-1
4.08279E-1,2.33261E-1
4.05990E-1,2.27356E-1
4.03533E-1,2.21374E-1
4.00985E-1,2.15438E-1
3.98193E-1,2.09350E-1
3.9534E-1,2.03247E-1
3.92272E-1,1.97082E-1
3.89068E-1,1.90887E-1
3.85711E-1,1.84646E-1
3.82171E-1,1.78497E-1
3.78555E-1,1.72241E-1
3.74679E-1,1.66015E-1
3.70742E-1,1.59698E-1
3.66622E-1,1.53472E-1
3.62319E-1,1.47247E-1
3.57894E-1,1.40960E-1
3.53195E-1,1.34735E-1
3.48388E-1,1.28463E-1
3.43368E-1,1.22192E-1
3.38226E-1,1.16119E-1
3.32870E-1,1.09985E-1
3.27362E-1,1.03851E-1
3.2164E-1,0.97839E-1
3.15658E-1,0.91857E-1
3.09555E-1,0.85922E-1
3.03299E-1,0.80078E-1
2.96798E-1,0.74325E-1
2.90222E-1,0.68710E-1
2.83432E-1,0.63110E-1
2.76397E-1,0.57632E-1
2.69271E-1,0.52352E-1
2.61871E-1,0.47119E-1
2.54348E-1,0.42083E-1
2.46711E-1,0.37216E-1
2.38876E-1,0.32417E-1
2.30842E-1,0.27832E-1
2.22724E-1,0.23368E-1
2.14447E-1,0.19081E-1
2.06100E-1,0.15045E-1
1.97586E-1,0.11070E-1
1.88987E-1,0.07331E-1
1.80213E-1,0.03768E-1
1.71363E-1,0.00389E-1
1.62437E-1,-0.02807E-1
1.53381E-1,-0.05760E-1
1.44187E-1,-0.08522E-1
1.34941E-1,-0.11085E-1
1.25633E-1,-0.13389E-1
1.16275E-1,-1.55296E-2
1.06861E-1,-1.74179E-2
9.73777E-2,-1.90658E-2
8.79173E-2,-2.04811E-2
7.83767E-2,-2.17361E-2
6.88552E-2,-2.2789E-2
5.93185E-2,-2.35862E-2
4.97684E-2,-2.41870E-2
4.01592E-2,-2.46181E-2
3.06425E-2,-2.48079E-2
2.11296E-2,-2.47774E-2
1.16224E-2,-2.45990E-2
0.21390E-2,-2.41813E-2
-0.73156E-2,-2.35900E-2
-1.66730E-2,-2.27823E-2
-2.60334E-2,-2.17771E-2
-3.53202E-2,-2.06642E-2
-4.45251E-2,-1.93405E-2
-5.37223E-2,-1.78489E-2
-6.28547E-2,-1.62086E-2
-7.19223E-2,-1.44119E-2
-8.09555E-2,-1.24282E-2
-8.99238E-2,-1.03111E-2
-9.88121E-2,-0.80261E-2
-1.07669E-1,-0.55885E-2
-1.16451E-1,-0.30174E-2
-1.25236E-1,-0.00259E-1
-1.33880E-1,0.02662E-1
-1.42478E-1,0.05699E-1
-1.51039E-1,0.08956E-1
-1.59500E-1,0.12336E-1
-1.67846E-1,0.15922E-1
-1.76139E-1,0.19561E-1
-1.84341E-1,0.23452E-1
-1.92504E-1,0.27488E-1
-2.00546E-1,0.31662E-1
-2.08496E-1,0.36056E-1
-2.16354E-1,0.40573E-1
-2.24075E-1,0.45234E-1
-2.31628E-1,0.50071E-1
-2.39105E-1,0.55107E-1
-2.46437E-1,0.60241E-1
-2.53631E-1,0.65612E-1
-2.60681E-1,0.71044E-1
-2.67486E-1,0.76614E-1
-2.74139E-1,0.82290E-1
-2.80670E-1,0.88028E-1
-2.86987E-1,0.93887E-1
-2.93029E-1,0.99914E-1
-2.98934E-1,1.05957E-1
-3.04702E-1,1.12075E-1
-3.10272E-1,1.18286E-1
-3.15689E-1,1.24465E-1
-3.20861E-1,1.30737E-1
-3.25882E-1,1.37023E-1
-3.30703E-1,1.43310E-1
-3.35388E-1,1.49642E-1
-3.39874E-1,1.55944E-1
-3.44223E-1,1.62200E-1
-3.48403E-1,1.68533E-1
-3.52478E-1,1.74789E-1
-3.56491E-1,1.81076E-1
-3.60336E-1,1.87347E-1
-3.64028E-1,1.93557E-1
-3.67599E-1,1.99859E-1
-3.71154E-1,2.06115E-1
-3.74420E-1,2.12295E-1
-3.77700E-1,2.18551E-1
-3.80798E-1,2.24746E-1
-3.83834E-1,2.30926E-1
-3.86749E-1,2.37136E-1
-3.89343E-1,2.43179E-1
-3.92166E-1,2.49465E-1
-3.94699E-1,2.55584E-1
-3.97186E-1,2.61642E-1
-3.99520E-1,2.67761E-1
-4.01779E-1,2.73864E-1
-4.03854E-1,2.79892E-1
-4.05822E-1,2.85919E-1
-4.07775E-1,2.91961E-1
-4.09515E-1,2.97897E-1
-4.11239E-1,3.03833E-1
-4.12750E-1,3.09738E-1
-4.14260E-1,3.15521E-1
-4.15679E-1,3.21304E-1
-4.16961E-1,3.26995E-1
-4.18243E-1,3.32687E-1
-4.19326E-1,3.38241E-1
-4.20455E-1,3.43856E-1
-4.21432E-1,3.4935E-1
-4.22363E-1,3.54751E-1
-4.23217E-1,3.60137E-1
-4.24163E-1,3.65432E-1
-4.25003E-1,3.70727E-1
-4.25689E-1,3.75900E-1
-4.26345E-1,3.81103E-1
-4.26971E-1,3.86245E-1
-4.27597E-1,3.91387E-1
-4.28085E-1,3.96362E-1
-4.28726E-1,4.01367E-1
-4.29260E-1,4.06311E-1
-4.29733E-1,4.11193E-1
-4.3013E-1,4.16061E-1
-4.30587E-1,4.20929E-1
-4.31045E-1,4.25720E-1
-4.31396E-1,4.30526E-1
-4.31793E-1,4.35287E-1
-4.32052E-1,4.40094E-1
-4.32220E-1,4.4487E-1
-4.32464E-1,4.49600E-1
-4.32693E-1,4.54284E-1
-4.32876E-1,4.59014E-1
-4.32937E-1,4.63668E-1
-4.32983E-1,4.68429E-1
-4.33013E-1,4.73037E-1
-4.33029E-1,4.77584E-1
-4.33013E-1,4.82223E-1
-4.32861E-1,4.86862E-1
-4.32708E-1,4.91424E-1
-4.32464E-1,4.95941E-1
-4.32281E-1,5.00549E-1
-4.32037E-1,5.05096E-1
-4.31701E-1,5.09552E-1
-4.31304E-1,5.14038E-1
-4.30908E-1,5.18402E-1
-4.30419E-1,5.22827E-1
-4.29962E-1,5.27191E-1
-4.29443E-1,5.31463E-1
-4.28802E-1,5.35766E-1
-4.28253E-1,5.40069E-1
-4.27551E-1,5.44311E-1
-4.26879E-1,5.48522E-1
-4.26116E-1,5.52703E-1
-4.25384E-1,5.56854E-1
-4.24499E-1,5.61004E-1
-4.23706E-1,5.65124E-1
-4.22821E-1,5.69091E-1
-4.21905E-1,5.73089E-1
-4.20959E-1,5.77056E-1
-4.20013E-1,5.80963E-1
-4.19006E-1,5.84869E-1
-4.17968E-1,5.88745E-1
-4.16839E-1,5.92559E-1
-4.15741E-1,5.96405E-1
-4.14703E-1,6.00158E-1
-4.13604E-1,6.03820E-1
-4.12414E-1,6.07574E-1
-4.11254E-1,6.11114E-1
-4.10003E-1,6.14746E-1
-4.08752E-1,6.18377E-1
-4.07501E-1,6.21948E-1
-4.06219E-1,6.25427E-1
