2.87506E-1,8.45489E-1
2.88970E-1,8.44329E-1
2.90466E-1,8.43231E-1
2.92022E-1,8.42041E-1
2.93518E-1,8.40850E-1
2.95074E-1,8.39691E-1
2.96630E-1,8.38470E-1
2.98095E-1,8.37249E-1
2.99652E-1,8.36059E-1
3.01116E-1,8.35022E-1
3.02673E-1,8.33892E-1
3.04290E-1,8.32763E-1
3.05877E-1,8.31481E-1
3.07556E-1,8.30200E-1
3.09143E-1,8.28887E-1
3.1073E-1,8.27514E-1
3.12286E-1,8.26141E-1
3.13934E-1,8.24920E-1
3.15460E-1,8.23486E-1
3.16925E-1,8.22143E-1
3.18481E-1,8.20800E-1
3.20098E-1,8.19366E-1
3.21655E-1,8.17993E-1
3.23211E-1,8.16528E-1
3.24829E-1,8.15094E-1
3.26446E-1,8.13629E-1
3.27941E-1,8.12133E-1
3.29559E-1,8.10668E-1
3.31085E-1,8.09173E-1
3.32672E-1,8.07830E-1
3.34228E-1,8.06335E-1
3.35815E-1,8.04840E-1
3.37341E-1,8.03344E-1
3.38989E-1,8.01879E-1
3.40545E-1,8.00323E-1
3.42254E-1,7.98767E-1
3.43841E-1,7.97210E-1
3.45459E-1,7.95593E-1
3.47106E-1,7.94006E-1
3.48754E-1,7.92358E-1
3.50433E-1,7.90710E-1
3.52111E-1,7.89001E-1
3.53790E-1,7.87231E-1
3.55468E-1,7.85461E-1
3.57177E-1,7.83691E-1
3.58764E-1,7.81860E-1
3.60382E-1,7.80181E-1
3.6203E-1,7.78320E-1
3.63616E-1,7.76397E-1
3.65203E-1,7.74536E-1
3.66882E-1,7.72644E-1
3.68469E-1,7.70568E-1
3.70147E-1,7.68707E-1
3.71704E-1,7.66754E-1
3.73291E-1,7.6474E-1
3.74816E-1,7.62847E-1
3.76373E-1,7.60772E-1
3.77990E-1,7.58758E-1
3.79577E-1,7.56683E-1
3.81164E-1,7.54638E-1
3.82751E-1,7.52533E-1
3.84338E-1,7.50427E-1
3.85986E-1,7.48321E-1
3.87542E-1,7.46154E-1
3.89160E-1,7.43988E-1
3.90686E-1,7.41790E-1
3.92364E-1,7.39593E-1
3.93920E-1,7.37335E-1
3.95507E-1,7.35107E-1
3.97094E-1,7.32757E-1
3.98651E-1,7.30346E-1
4.00360E-1,7.27996E-1
4.01947E-1,7.25647E-1
4.03503E-1,7.23236E-1
4.05090E-1,7.20764E-1
4.06585E-1,7.18353E-1
4.08081E-1,7.15850E-1
4.09698E-1,7.13317E-1
4.11254E-1,7.10845E-1
4.12719E-1,7.08343E-1
4.14306E-1,7.0578E-1
4.15802E-1,7.03247E-1
4.17266E-1,7.00653E-1
4.18762E-1,6.97967E-1
4.20105E-1,6.95373E-1
4.21630E-1,6.92779E-1
4.23126E-1,6.90094E-1
4.24560E-1,6.87347E-1
4.26025E-1,6.84661E-1
4.27459E-1,6.81884E-1
4.28924E-1,6.79077E-1
4.30419E-1,6.76239E-1
4.31823E-1,6.73370E-1
4.33166E-1,6.70471E-1
4.34539E-1,6.67419E-1
4.35882E-1,6.64520E-1
4.37286E-1,6.61438E-1
4.38629E-1,6.58386E-1
4.39910E-1,6.55365E-1
4.41192E-1,6.52191E-1
4.42474E-1,6.49078E-1
4.43664E-1,6.45874E-1
4.44824E-1,6.42669E-1
4.46044E-1,6.39495E-1
4.47174E-1,6.36230E-1
4.48303E-1,6.32965E-1
4.49401E-1,6.29699E-1
4.50500E-1,6.26434E-1
4.51599E-1,6.23107E-1
4.52667E-1,6.19720E-1
4.53796E-1,6.16302E-1
4.54864E-1,6.12854E-1
4.55871E-1,6.09314E-1
4.56756E-1,6.05835E-1
4.57733E-1,6.02172E-1
4.58648E-1,5.98632E-1
4.59533E-1,5.94970E-1
4.60388E-1,5.91339E-1
4.61151E-1,5.87646E-1
4.61975E-1,5.84014E-1
4.62738E-1,5.80291E-1
4.63439E-1,5.76507E-1
4.64111E-1,5.72723E-1
4.64721E-1,5.68847E-1
4.65301E-1,5.65002E-1
4.65820E-1,5.61218E-1
4.66430E-1,5.57342E-1
4.6698E-1,5.53466E-1
4.67498E-1,5.49560E-1
4.67926E-1,5.45715E-1
4.68475E-1,5.41748E-1
4.69055E-1,5.37841E-1
4.69390E-1,5.33813E-1
4.69757E-1,5.29754E-1
4.70092E-1,5.25787E-1
4.70367E-1,5.21698E-1
4.70611E-1,5.17669E-1
4.70825E-1,5.13549E-1
4.70977E-1,5.09277E-1
4.71130E-1,5.05096E-1
4.71221E-1,5.00915E-1
4.71328E-1,4.96673E-1
4.71405E-1,4.92385E-1
4.71328E-1,4.88021E-1
4.71328E-1,4.83688E-1
4.71221E-1,4.79385E-1
4.71069E-1,4.75036E-1
4.70901E-1,4.70642E-1
4.70794E-1,4.66140E-1
4.70611E-1,4.61776E-1
4.70397E-1,4.57412E-1
4.70108E-1,4.52972E-1
4.69711E-1,4.48501E-1
4.69299E-1,4.44030E-1
4.68780E-1,4.39437E-1
4.68154E-1,4.34967E-1
4.67529E-1,4.30465E-1
4.66873E-1,4.25964E-1
4.66140E-1,4.21508E-1
4.65484E-1,4.16946E-1
4.64675E-1,4.12490E-1
4.65606E-1,4.12445E-1
4.64706E-1,4.07836E-1
4.63806E-1,4.03274E-1
4.62844E-1,3.98773E-1
4.61944E-1,3.94210E-1
4.60937E-1,3.89770E-1
4.59960E-1,3.85177E-1
4.58938E-1,3.80722E-1
4.57962E-1,3.76144E-1
4.56893E-1,3.71566E-1
4.55795E-1,3.67004E-1
4.54711E-1,3.62365E-1
4.53643E-1,3.57711E-1
4.52484E-1,3.53027E-1
4.51431E-1,3.48342E-1
4.50241E-1,3.43490E-1
4.49111E-1,3.38668E-1
4.47921E-1,3.33755E-1
4.46670E-1,3.28903E-1
4.45419E-1,3.23944E-1
4.44107E-1,3.18908E-1
4.42688E-1,3.13812E-1
4.41268E-1,3.08578E-1
4.39849E-1,3.03344E-1
4.38308E-1,2.98111E-1
4.36706E-1,2.92739E-1
4.35028E-1,2.87262E-1
4.33242E-1,2.81707E-1
4.31457E-1,2.76153E-1
4.29565E-1,2.70477E-1
4.27475E-1,2.64831E-1
4.25293E-1,2.59079E-1
4.23065E-1,2.53158E-1
4.20669E-1,2.47314E-1
4.18151E-1,2.41363E-1
4.15527E-1,2.35397E-1
4.12643E-1,2.29400E-1
4.09729E-1,2.23419E-1
4.06662E-1,2.17330E-1
4.03411E-1,2.11334E-1
4.00070E-1,2.05246E-1
3.96545E-1,1.99264E-1
3.92868E-1,1.93222E-1
3.89114E-1,1.87210E-1
3.85101E-1,1.81121E-1
3.80996E-1,1.75140E-1
3.76709E-1,1.69143E-1
3.72222E-1,1.63284E-1
3.67782E-1,1.57363E-1
3.63021E-1,1.51458E-1
3.58245E-1,1.45538E-1
3.53286E-1,1.39755E-1
3.48114E-1,1.33987E-1
3.42819E-1,1.28356E-1
3.37387E-1,1.22772E-1
3.31787E-1,1.17263E-1
3.26019E-1,1.11801E-1
3.20205E-1,1.06384E-1
3.14224E-1,1.01059E-1
3.08075E-1,0.95871E-1
3.01864E-1,0.90728E-1
2.95455E-1,0.85632E-1
2.89001E-1,0.80719E-1
2.82333E-1,0.75897E-1
2.75512E-1,0.71106E-1
2.68600E-1,0.66406E-1
2.61581E-1,0.61859E-1
2.54409E-1,0.57464E-1
2.47077E-1,0.53199E-1
2.39677E-1,0.49026E-1
2.32162E-1,0.45043E-1
2.24578E-1,0.41214E-1
2.16850E-1,0.37521E-1
2.09083E-1,0.33973E-1
2.01271E-1,0.30555E-1
1.93397E-1,0.27320E-1
1.85409E-1,0.24192E-1
1.77360E-1,0.21156E-1
1.69235E-1,0.18325E-1
1.61041E-1,0.15579E-1
1.52839E-1,0.13008E-1
1.44531E-1,0.10559E-1
1.36154E-1,0.08232E-1
1.27723E-1,0.06080E-1
1.19190E-1,0.40626E-2
1.10572E-1,0.22087E-2
1.01940E-1,0.05340E-2
9.32312E-2,-0.09574E-2
8.45108E-2,-0.23040E-2
7.56874E-2,-0.34904E-2
6.68525E-2,-0.44670E-2
5.79929E-2,-0.52433E-2
4.90951E-2,-0.5867E-2
4.01783E-2,-0.63114E-2
3.12690E-2,-0.65479E-2
2.23150E-2,-0.66061E-2
1.33819E-2,-6.43062E-3
4.46343E-3,-6.05702E-3
-4.44126E-3,-5.54013E-3
-1.32808E-2,-4.80890E-3
-2.21252E-2,-0.38356E-2
-3.09219E-2,-0.27608E-2
-3.96385E-2,-0.15010E-2
-4.83532E-2,-0.00629E-2
-5.69496E-2,0.15239E-2
-6.55098E-2,0.32997E-2
-7.40165E-2,0.52070E-2
-8.24394E-2,0.72746E-2
-9.08241E-2,0.95253E-2
-9.91096E-2,1.19171E-2
-1.07276E-1,1.44119E-2
-1.15413E-1,1.71279E-2
-1.23451E-1,1.99508E-2
-1.31416E-1,0.22842E-1
-1.39236E-1,0.25901E-1
-1.46949E-1,0.29090E-1
-1.54663E-1,0.32318E-1
-1.62300E-1,0.35728E-1
-1.69815E-1,0.39192E-1
-1.77352E-1,0.42778E-1
-1.84745E-1,0.46508E-1
-1.92047E-1,0.50315E-1
-1.99356E-1,0.54336E-1
-2.06489E-1,0.58433E-1
-2.13523E-1,0.62690E-1
-2.20527E-1,0.67047E-1
-2.27356E-1,0.71556E-1
-2.34138E-1,0.76202E-1
-2.40737E-1,0.80986E-1
-2.47215E-1,0.85861E-1
-2.53555E-1,0.90866E-1
-2.59765E-1,0.96038E-1
-2.65777E-1,1.01303E-1
-2.71652E-1,1.06628E-1
-2.77359E-1,1.12152E-1
-2.82867E-1,1.1763E-1
-2.88223E-1,1.2323E-1
-2.93396E-1,1.28845E-1
-2.98416E-1,1.34475E-1
-3.03299E-1,1.40182E-1
-3.08075E-1,1.45843E-1
-3.12698E-1,1.51580E-1
-3.17169E-1,1.57257E-1
-3.21517E-1,1.62887E-1
-3.25729E-1,1.68533E-1
-3.29803E-1,1.74194E-1
-3.33786E-1,1.79763E-1
-3.37661E-1,1.85440E-1
-3.41354E-1,1.91009E-1
-3.44986E-1,1.96548E-1
-3.48510E-1,2.02133E-1
-3.51974E-1,2.07656E-1
-3.55285E-1,2.1315E-1
-3.58535E-1,2.18643E-1
-3.61679E-1,2.24105E-1
-3.64791E-1,2.29599E-1
-3.67813E-1,2.35015E-1
-3.70758E-1,2.40417E-1
-3.73657E-1,2.45925E-1
-3.76586E-1,2.50869E-1
-3.79257E-1,2.56744E-1
-3.81973E-1,2.62130E-1
-3.84628E-1,2.67532E-1
-3.87176E-1,2.72918E-1
-3.89724E-1,2.78320E-1
-3.92150E-1,2.83691E-1
-3.94561E-1,2.89077E-1
-3.96926E-1,2.94448E-1
-3.99185E-1,2.99743E-1
-4.01382E-1,3.0513E-1
-4.03518E-1,3.10470E-1
-4.05593E-1,3.15826E-1
-4.07592E-1,3.21212E-1
-4.09454E-1,3.26568E-1
-4.11377E-1,3.31909E-1
-4.13024E-1,3.37219E-1
-4.14764E-1,3.42605E-1
-4.16366E-1,3.47961E-1
-4.17861E-1,3.53241E-1
-4.19372E-1,3.58520E-1
-4.20791E-1,3.63784E-1
-4.22119E-1,3.69079E-1
-4.23309E-1,3.74328E-1
-4.24484E-1,3.79547E-1
-4.25598E-1,3.84780E-1
-4.26666E-1,3.90060E-1
-4.27749E-1,3.95309E-1
-4.28710E-1,4.00512E-1
-4.29580E-1,4.05670E-1
-4.30358E-1,4.10781E-1
-4.31045E-1,4.15832E-1
-4.31732E-1,4.2099E-1
-4.32373E-1,4.26040E-1
-4.32968E-1,4.31060E-1
-4.33502E-1,4.36080E-1
-4.33807E-1,4.41131E-1
-4.34234E-1,4.46151E-1
-4.34600E-1,4.51080E-1
-4.34921E-1,4.55978E-1
-4.35211E-1,4.60891E-1
-4.35409E-1,4.65744E-1
-4.35577E-1,4.70703E-1
-4.35684E-1,4.75448E-1
-4.35745E-1,4.80285E-1
-4.35760E-1,4.85031E-1
-4.35668E-1,4.89929E-1
-4.35562E-1,4.94720E-1
-4.35409E-1,4.99404E-1
-4.35241E-1,5.04180E-1
-4.34967E-1,5.08819E-1
-4.34661E-1,5.13427E-1
-4.34265E-1,5.18127E-1
-4.33898E-1,5.22674E-1
-4.33441E-1,5.27282E-1
-4.32952E-1,5.31768E-1
-4.32495E-1,5.36254E-1
-4.31823E-1,5.40771E-1
-4.31213E-1,5.45227E-1
-4.30511E-1,5.49713E-1
-4.29809E-1,5.54046E-1
-4.28924E-1,5.58410E-1
-4.28070E-1,5.62774E-1
-4.27185E-1,5.67047E-1
-4.263E-1,5.71197E-1
-4.25262E-1,5.75347E-1
-4.24255E-1,5.79528E-1
-4.23187E-1,5.83648E-1
-4.22119E-1,5.87616E-1
-4.21020E-1,5.91674E-1
-4.19799E-1,5.95611E-1
-4.18609E-1,5.99548E-1
-4.17388E-1,6.03363E-1
-4.16198E-1,6.07238E-1
-4.14947E-1,6.10961E-1
-4.13665E-1,6.14654E-1
-4.12323E-1,6.18316E-1
-4.10919E-1,6.22070E-1
-4.09576E-1,6.25579E-1
-4.08203E-1,6.29089E-1
-4.06768E-1,6.32629E-1